124,41
124,40
124,39
124,38
124,37
124,36
91,5
87,4
85,4
73,3
75,1
75,3
73,1
73,4
71,4
69,4
124,35
69,5
69,9
69,10
69,11
69,8
69,7
69,1
69,6
0,273
0,270
14,4
119,3
119,2
119,1
10,23
119,0
117,3
117,2
117,1
10,83
117,0
116,5
10,281
116,4
116,3
116,2
116,1
10,201
116,0
10,107
114,4
114,3
114,2
114,1
10,79
114,0
112,6
112,5
10,215
112,4
112,3
112,2
112,1
10,191
112,0
108,6
108,5
10,2
108,4
108,3
108,2
108,1
10,3
108,0
104,4
104,3
104,2
104,1
11,23
11,15
104,0
101,5
9,7
101,4
101,3
101,2
101,1
9,5
101,0
9,2
99,4
99,3
99,2
99,1
9,3
99,0
96,5
96,4
8,5
8,10
8,14
8,12
8,17
8,13
0,467
96,1
91,4
91,3
91,1
87,3
87,1
85,3
85,1
77,3
77,1
71,3
71,1
69,3
67,3
67,1
66,3
66,1
20,3
20,2
20,1
19,3
19,2
19,1
12,3
12,2
12,1
11,28
